Report on Student Performance Analysis

Average Marks of Each Subject: [48.27 51.52 47.   47.91 54.31]
Average Total Marks Percentage of All Students: 49.80200000000001
Standard Deviation of Marks in Each Subject: [27.66870254 27.46797408 28.23473039 29.40479383 28.5995437 ]
Standard Deviation of Total Marks Percentage of All Students: 11.644449149702186
Variance of Marks in Each Subject: [765.5571 754.4896 797.2    864.6419 817.9339]
Variance of Total Marks Percentage of All Students: 135.59319599999998
Correlation Matrix Between Marks of Each Subject and Total Marks Percentage of All Students: [[ 1.         -0.18861815 -0.15867523 -0.05956999 -0.05314425  0.25309994]
 [-0.18861815  1.          0.01076654 -0.10209757  0.0195002   0.34537801]
 [-0.15867523  0.01076654  1.         -0.00214397  0.07222287  0.44901439]
 [-0.05956999 -0.10209757 -0.00214397  1.          0.06550568  0.45970494]
 [-0.05314425  0.0195002   0.07222287  0.06550568  1.          0.54326514]
 [ 0.25309994  0.34537801  0.44901439  0.45970494  0.54326514  1.        ]]
Normalized Marks in Each Subject: [[0.2371134  0.07142857 0.01010101 0.94897959 0.31313131]
 [0.27835052 0.43877551 0.42424242 0.         1.        ]
 [0.72164948 0.54081633 0.14141414 0.54081633 0.55555556]
 [0.11340206 0.30612245 0.6969697  0.10204082 0.14141414]
 [0.51546392 0.58163265 0.09090909 0.80612245 0.61616162]
 [0.84536082 0.15306122 0.96969697 0.79591837 0.66666667]
 [0.12371134 0.31632653 0.51515152 0.53061224 0.46464646]
 [0.25773196 0.14285714 0.26262626 0.94897959 0.24242424]
 [0.93814433 0.7244898  0.42424242 0.95918367 0.63636364]
 [0.09278351 0.78571429 0.2020202  0.17346939 0.55555556]
 [0.22680412 0.89795918 0.66666667 0.2244898  0.04040404]
 [0.49484536 0.31632653 0.57575758 0.96938776 0.53535354]
 [0.24742268 0.66326531 0.41414141 0.23469388 0.        ]
 [0.63917526 0.23469388 0.85858586 0.78571429 0.37373737]
 [0.30927835 0.82653061 0.80808081 0.06122449 0.37373737]
 [0.82474227 0.05102041 0.16161616 0.6122449  0.12121212]
 [0.92783505 0.02040816 0.15151515 0.2244898  0.72727273]
 [0.90721649 0.34693878 0.05050505 0.60204082 0.41414141]
 [0.97938144 0.         0.24242424 0.83673469 0.3030303 ]
 [0.94845361 0.81632653 0.46464646 0.62244898 0.6969697 ]
 [0.63917526 0.40816327 0.57575758 0.81632653 0.16161616]
 [0.22680412 0.91836735 0.26262626 0.15306122 0.60606061]
 [0.59793814 0.2755102  0.14141414 0.63265306 0.4040404 ]
 [0.22680412 0.6122449  0.75757576 0.57142857 0.87878788]
 [0.42268041 0.68367347 0.71717172 0.97959184 0.26262626]
 [0.74226804 0.96938776 0.27272727 0.07142857 0.81818182]
 [0.96907216 0.37755102 0.33333333 0.42857143 0.02020202]
 [0.20618557 0.43877551 0.90909091 0.06122449 0.49494949]
 [0.62886598 0.90816327 0.3030303  0.39795918 0.74747475]
 [0.98969072 0.34693878 0.31313131 0.65306122 0.97979798]
 [0.31958763 0.66326531 0.23232323 0.30612245 0.4040404 ]
 [0.84536082 0.43877551 0.28282828 0.04081633 0.58585859]
 [0.57731959 0.03061224 0.05050505 0.54081633 0.38383838]
 [0.36082474 0.31632653 0.14141414 0.25510204 0.94949495]
 [0.2371134  0.23469388 0.71717172 0.41836735 0.70707071]
 [0.63917526 0.32653061 0.90909091 0.20408163 0.64646465]
 [0.22680412 0.48979592 0.01010101 0.97959184 0.95959596]
 [0.24742268 0.59183673 0.68686869 0.74489796 0.05050505]
 [0.65979381 0.93877551 0.24242424 0.55102041 0.23232323]
 [1.         0.60204082 0.51515152 0.14285714 0.01010101]
 [0.50515464 0.12244898 0.68686869 0.15306122 0.85858586]
 [0.69072165 0.67346939 0.78787879 0.67346939 0.18181818]
 [0.29896907 0.86734694 0.49494949 0.87755102 0.7979798 ]
 [0.82474227 0.53061224 0.48484848 0.66326531 0.88888889]
 [0.10309278 0.78571429 0.12121212 0.2755102  0.04040404]
 [0.74226804 0.66326531 0.68686869 0.04081633 0.66666667]
 [0.72164948 0.03061224 0.42424242 0.45918367 0.7979798 ]
 [0.79381443 0.39795918 0.85858586 0.51020408 0.71717172]
 [0.37113402 0.69387755 0.71717172 0.7244898  0.34343434]
 [0.13402062 0.95918367 0.4040404  0.76530612 0.81818182]
 [0.77319588 0.01020408 0.26262626 0.54081633 0.98989899]
 [0.19587629 0.39795918 0.72727273 0.85714286 0.07070707]
 [0.68041237 0.48979592 0.38383838 0.35714286 0.02020202]
 [0.62886598 0.67346939 0.22222222 0.96938776 0.85858586]
 [0.51546392 0.87755102 0.75757576 0.34693878 0.62626263]
 [0.17525773 0.90816327 0.57575758 0.59183673 0.94949495]
 [0.81443299 0.40816327 0.44444444 0.96938776 0.54545455]
 [0.22680412 0.83673469 0.11111111 0.70408163 0.65656566]
 [0.35051546 0.86734694 0.80808081 0.23469388 0.68686869]
 [0.75257732 0.57142857 0.88888889 0.53061224 0.72727273]
 [0.30927835 0.73469388 1.         0.90816327 0.86868687]
 [0.18556701 0.59183673 0.96969697 0.48979592 0.65656566]
 [0.94845361 0.33673469 0.32323232 0.3877551  0.13131313]
 [0.6185567  0.21428571 0.04040404 0.09183673 0.48484848]
 [0.3814433  0.90816327 0.05050505 0.68367347 0.12121212]
 [0.20618557 0.3877551  0.08080808 0.02040816 0.52525253]
 [0.62886598 0.64285714 0.94949495 0.         0.85858586]
 [0.94845361 0.60204082 0.         0.21428571 0.31313131]
 [0.30927835 0.02040816 0.98989899 0.1122449  0.34343434]
 [0.46391753 1.         0.31313131 0.43877551 0.5959596 ]
 [1.         0.55102041 0.48484848 0.37755102 0.09090909]
 [0.11340206 0.76530612 0.48484848 0.16326531 0.15151515]
 [0.90721649 0.20408163 0.77777778 0.03061224 0.51515152]
 [0.         0.54081633 0.35353535 0.34693878 0.4040404 ]
 [0.1443299  0.31632653 0.86868687 0.36734694 0.97979798]
 [0.67010309 0.5        0.19191919 0.55102041 0.95959596]
 [0.06185567 0.45918367 0.71717172 0.76530612 0.61616162]
 [0.41237113 0.86734694 0.44444444 1.         0.81818182]
 [0.31958763 0.52040816 0.4040404  0.40816327 0.6969697 ]
 [0.42268041 0.53061224 0.8989899  0.48979592 0.82828283]
 [0.25773196 0.30612245 0.39393939 0.68367347 0.3030303 ]
 [0.10309278 0.84693878 0.88888889 0.59183673 0.42424242]
 [0.30927835 0.24489796 0.94949495 0.89795918 0.74747475]
 [0.1443299  1.         0.54545455 0.26530612 0.41414141]
 [0.4742268  0.2244898  0.33333333 0.02040816 0.12121212]
 [0.74226804 1.         0.06060606 0.21428571 0.58585859]
 [0.17525773 0.2755102  0.42424242 0.92857143 0.93939394]
 [0.22680412 0.44897959 0.73737374 0.86734694 0.46464646]
 [0.25773196 0.7755102  0.38383838 0.67346939 0.80808081]
 [0.46391753 0.89795918 0.36363636 0.01020408 0.97979798]
 [0.5257732  0.09183673 0.77777778 0.51020408 0.76767677]
 [0.39175258 0.78571429 0.4040404  0.66326531 0.84848485]
 [0.79381443 0.36734694 0.05050505 0.33673469 0.74747475]
 [0.48453608 0.37755102 0.08080808 0.66326531 0.19191919]
 [0.24742268 0.04081633 0.26262626 0.96938776 0.92929293]
 [0.80412371 0.59183673 0.60606061 0.24489796 0.71717172]
 [0.44329897 0.53061224 0.62626263 0.71428571 0.50505051]
 [0.08247423 0.69387755 0.17171717 0.25510204 0.77777778]
 [0.1443299  0.13265306 0.38383838 0.30612245 0.83838384]
 [0.91752577 0.65306122 0.32323232 0.05102041 0.46464646]]
Normalized Total Marks Percentage of All Students: [0.1532567  0.36781609 0.49808429 0.07279693 0.54022989 0.85057471
 0.29501916 0.25670498 0.94252874 0.24137931 0.33333333 0.64750958
 0.14559387 0.64750958 0.4559387  0.22222222 0.32950192 0.42911877
 0.44444444 0.89272031 0.53639847 0.37547893 0.32950192 0.70881226
 0.71264368 0.63984674 0.35632184 0.35632184 0.68199234 0.79310345
 0.2835249  0.38314176 0.1532567  0.32183908 0.43295019 0.5862069
 0.56321839 0.43295019 0.5440613  0.40996169 0.43678161 0.68965517
 0.81609195 0.83524904 0.05747126 0.61302682 0.47509579 0.79310345
 0.63218391 0.72030651 0.52873563 0.40613027 0.2835249  0.81992337
 0.73563218 0.76628352 0.75478927 0.51340996 0.67049808 0.86590038
 1.         0.651341   0.35632184 0.10344828 0.36398467 0.01915709
 0.72030651 0.33716475 0.22988506 0.61685824 0.49808429 0.19157088
 0.47509579 0.18007663 0.57088123 0.63984674 0.54789272 0.89272031
 0.44444444 0.75478927 0.29118774 0.63601533 0.74712644 0.45210728
 0.         0.53639847 0.59386973 0.59386973 0.651341   0.58237548
 0.56704981 0.72413793 0.42145594 0.23371648 0.48275862 0.6743295
 0.62068966 0.30651341 0.24137931 0.46360153]
Z Score Normalized Marks in Each Subject: [[-0.87716437 -1.5843906  -1.59378182  1.53342344 -0.81504797]
 [-0.73259669 -0.27377338 -0.1416695  -1.62932617  1.56261234]
 [ 0.82150581  0.09028696 -1.13335596  0.17310103  0.02412626]
 [-1.31086739 -0.74705182  0.8145996  -1.28924556 -1.40946305]
 [ 0.09866744  0.2359111  -1.31044283  1.05731059  0.23391982]
 [ 1.25520884 -1.29314233  1.77086869  1.02330253  0.40874778]
 [-1.27472548 -0.71064578  0.17708687  0.13909297 -0.29056408]
 [-0.80488053 -1.32954836 -0.70834748  1.53342344 -1.05980712]
 [ 1.58048611  0.74559558 -0.1416695   1.5674315   0.303851  ]
 [-1.38315123  0.96403178 -0.92085172 -1.05118914  0.02412626]
 [-0.91330629  1.36449816  0.70834748 -0.88114884 -1.75911897]
 [ 0.0263836  -0.71064578  0.38959111  1.60143956 -0.04580493]
 [-0.84102245  0.52715937 -0.17708687 -0.84714078 -1.89898135]
 [ 0.53237046 -1.00189406  1.38127758  0.98929447 -0.60525441]
 [-0.62417094  1.10965592  1.20419071 -1.4252778  -0.60525441]
 [ 1.182925   -1.65720267 -1.06252121  0.41115745 -1.47939423]
 [ 1.54434419 -1.76642077 -1.09793859 -0.88114884  0.61854134]
 [ 1.47206035 -0.60142768 -1.45211233  0.37714939 -0.46539204]
 [ 1.72505378 -1.83923284 -0.77918222  1.15933477 -0.85001356]
 [ 1.61662803  1.07324988  0.          0.44516551  0.51364456]
 [ 0.53237046 -0.38299148  0.38959111  1.09131865 -1.33953186]
 [-0.91330629  1.43731022 -0.70834748 -1.11920526  0.19895422]
 [ 0.38780279 -0.85626992 -1.13335596  0.47917357 -0.50035763]
 [-0.91330629  0.3451292   1.02710384  0.27512521  1.14302523]
 [-0.22660983  0.59997144  0.88543434  1.63544762 -0.98987593]
 [ 0.89378965  1.6193404  -0.6729301  -1.39126974  0.93323167]
 [ 1.68891186 -0.49220958 -0.46042586 -0.20098764 -1.82905016]
 [-0.98559013 -0.27377338  1.55836445 -1.4252778  -0.1856673 ]
 [ 0.49622854  1.40090419 -0.56667798 -0.30301182  0.68847252]
 [ 1.7611957  -0.60142768 -0.53126061  0.54718969  1.49268116]
 [-0.58802902  0.52715937 -0.8145996  -0.60908436 -0.50035763]
 [ 1.25520884 -0.27377338 -0.63751273 -1.49329393  0.12902304]
 [ 0.31551895 -1.73001474 -1.45211233  0.17310103 -0.57028882]
 [-0.44346134 -0.71064578 -1.13335596 -0.77912466  1.38778438]
 [-0.87716437 -1.00189406  0.88543434 -0.2349957   0.54861015]
 [ 0.53237046 -0.67423975  1.55836445 -0.94916496  0.33881659]
 [-0.91330629 -0.09174321 -1.59378182  1.63544762  1.42274997]
 [-0.84102245  0.27231713  0.77918222  0.85326223 -1.72415338]
 [ 0.6046543   1.51012229 -0.77918222  0.20710909 -1.09477271]
 [ 1.79733762  0.30872317  0.17708687 -1.15321332 -1.86401575]
 [ 0.06252552 -1.40236043  0.77918222 -1.11920526  1.07309404]
 [ 0.71308006  0.56356541  1.13335596  0.61520581 -1.26960068]
 [-0.66031286  1.25528005  0.10625212  1.29536701  0.86330049]
 [ 1.182925    0.05388093  0.07083475  0.58119775  1.17799082]
 [-1.34700931  0.96403178 -1.20419071 -0.71110854 -1.75911897]
 [ 0.89378965  0.52715937  0.77918222 -1.49329393  0.40874778]
 [ 0.82150581 -1.73001474 -0.1416695  -0.09896346  0.86330049]
 [ 1.07449925 -0.41939751  1.38127758  0.07107685  0.58357574]
 [-0.40731942  0.63637748  0.88543434  0.78524611 -0.71015119]
 [-1.23858356  1.58293436 -0.21250424  0.92127835  0.93323167]
 [ 1.00221541 -1.80282681 -0.70834748  0.17310103  1.52764675]
 [-1.02173204 -0.41939751  0.92085172  1.22735089 -1.6542222 ]
 [ 0.67693814 -0.09174321 -0.28333899 -0.43904406 -1.82905016]
 [ 0.49622854  0.56356541 -0.85001697  1.60143956  1.07309404]
 [ 0.09866744  1.29168609  1.02710384 -0.47305212  0.26888541]
 [-1.09401588  1.40090419  0.38959111  0.34314133  1.38778438]
 [ 1.14678308 -0.38299148 -0.07083475  1.60143956 -0.01083933]
 [-0.91330629  1.14606195 -1.23960808  0.71722999  0.37378219]
 [-0.47960326  1.25528005  1.20419071 -0.84714078  0.47867897]
 [ 0.92993157  0.19950507  1.4875297   0.13909297  0.61854134]
 [-0.62417094  0.78200161  1.87712081  1.3973912   1.10805964]
 [-1.05787396  0.27231713  1.77086869  0.00306073  0.37378219]
 [ 1.61662803 -0.63783372 -0.49584323 -0.33701988 -1.44442864]
 [ 0.46008663 -1.07470613 -1.4875297  -1.32325362 -0.22063289]
 [-0.37117751  1.40090419 -1.45211233  0.64921387 -1.47939423]
 [-0.98559013 -0.45580355 -1.3458602  -1.56131005 -0.08077052]
 [ 0.49622854  0.45434731  1.70003394 -1.62932617  1.07309404]
 [ 1.61662803  0.30872317 -1.62919919 -0.9151569  -0.81504797]
 [-0.62417094 -1.76642077  1.84170344 -1.2552375  -0.71015119]
 [-0.08204216  1.7285585  -0.53126061 -0.16697958  0.16398863]
 [ 1.79733762  0.126693    0.07083475 -0.37102794 -1.58429101]
 [-1.31086739  0.89121971  0.07083475 -1.0851972  -1.37449745]
 [ 1.47206035 -1.11111216  1.09793859 -1.52730199 -0.11573611]
 [-1.7084285   0.09028696 -0.38959111 -0.47305212 -0.50035763]
 [-1.20244164 -0.71064578  1.41669495 -0.405036    1.49268116]
 [ 0.64079622 -0.05533717 -0.95626909  0.20710909  1.42274997]
 [-1.49157699 -0.20096131  0.88543434  0.92127835  0.23391982]
 [-0.26275175  1.25528005 -0.07083475  1.70346374  0.93323167]
 [-0.58802902  0.0174749  -0.21250424 -0.26900376  0.51364456]
 [-0.22660983  0.05388093  1.52294707  0.00306073  0.96819727]
 [-0.80488053 -0.74705182 -0.24792162  0.64921387 -0.85001356]
 [-1.34700931  1.18246799  1.4875297   0.34314133 -0.43042645]
 [-0.62417094 -0.96548802  1.70003394  1.36338314  0.68847252]
 [-1.20244164  1.7285585   0.28333899 -0.7451166  -0.46539204]
 [-0.04590024 -1.03830009 -0.46042586 -1.56131005 -1.47939423]
 [ 0.89378965  1.7285585  -1.41669495 -0.9151569   0.12902304]
 [-1.09401588 -0.85626992 -0.1416695   1.46540732  1.35281879]
 [-0.91330629 -0.23736734  0.95626909  1.26135895 -0.29056408]
 [-0.80488053  0.92762575 -0.28333899  0.61520581  0.89826608]
 [-0.08204216  1.36449816 -0.35417374 -1.59531811  1.49268116]
 [ 0.13480936 -1.51157853  1.09793859  0.07107685  0.75840371]
 [-0.33503559  0.96403178 -0.21250424  0.58119775  1.03812845]
 [ 1.07449925 -0.52861561 -1.45211233 -0.50706018  0.68847252]
 [-0.00975832 -0.49220958 -1.3458602   0.58119775 -1.23463508]
 [-0.84102245 -1.6936087  -0.70834748  1.60143956  1.31785319]
 [ 1.11064116  0.27231713  0.49584323 -0.81313272  0.58357574]
 [-0.15432599  0.05388093  0.56667798  0.75123805 -0.15070171]
 [-1.41929315  0.63637748 -1.02710384 -0.77912466  0.7933693 ]
 [-1.20244164 -1.3659544  -0.28333899 -0.60908436  1.00316286]
 [ 1.50820227  0.49075334 -0.49584323 -1.45928587 -0.29056408]]
Z Score Normalized Total Marks Percentage of All Students: [-1.56314822 -0.60131655 -0.01734732 -1.9238351   0.1715839   1.56280471
 -0.9276523  -1.09940795  1.97501829 -1.16811022 -0.75589664  0.65249974
 -1.59749935  0.65249974 -0.20627854 -1.25398804 -0.77307221 -0.3265075
 -0.25780524  1.75173593  0.15440833 -0.56696542 -0.77307221  0.92730879
  0.94448435  0.61814861 -0.65284325 -0.65284325  0.80707983  1.30517123
 -0.97917899 -0.53261429 -1.56314822 -0.80742334 -0.30933194  0.37769069
  0.27463729 -0.30933194  0.18875947 -0.41238533 -0.29215637  0.84143096
  1.40822462  1.49410245 -1.99253736  0.49791965 -0.12040071  1.30517123
  0.58379747  0.97883548  0.1200572  -0.4295609  -0.97917899  1.42540019
  1.04753774  1.18494227  1.13341557  0.05135494  0.75555313  1.63150697
  2.23265177  0.6696753  -0.65284325 -1.78643058 -0.61849212 -2.16429302
  0.97883548 -0.73872108 -1.21963691  0.51509521 -0.01734732 -1.39139257
 -0.12040071 -1.44291926  0.30898842  0.61814861  0.20593503  1.75173593
 -0.25780524  1.13341557 -0.94482786  0.60097304  1.09906444 -0.22345411
 -2.25017085  0.15440833  0.41204182  0.41204182  0.6696753   0.36051512
  0.29181286  0.99601105 -0.36085863 -1.20246135 -0.08604958  0.7727287
  0.53227078 -0.8761256  -1.16811022 -0.17192741]
Pass or Fail Status of Each Student Based on Marks Obtained in All Subjects Using Vectorized Operations: [0 0 0 0 0 0 0 0 1 0 0 0 0 0 0 0 0 0 0 1 0 0 0 0 0 0 0 0 0 0 0 0 0 0 0 0 0
 0 0 0 0 0 0 1 0 0 0 1 0 0 0 0 0 0 0 0 1 0 0 1 0 0 0 0 0 0 0 0 0 0 0 0 0 0
 0 0 0 1 0 1 0 0 0 0 0 0 0 0 0 0 0 0 0 0 0 0 1 0 0 0]
Pass or Fail Status of Each Student Based on Marks Obtained in All Subjects Using Loop Based Operations: [0, 0, 0, 0, 0, 0, 0, 0, 1, 0, 0, 0, 0, 0, 0, 0, 0, 0, 0, 1, 0, 0, 0, 0, 0, 0, 0, 0, 0, 0, 0, 0, 0, 0, 0, 0, 0, 0, 0, 0, 0, 0, 0, 1, 0, 0, 0, 1, 0, 0, 0, 0, 0, 0, 0, 0, 1, 0, 0, 1, 0, 0, 0, 0, 0, 0, 0, 0, 0, 0, 0, 0, 0, 0, 0, 0, 0, 1, 0, 1, 0, 0, 0, 0, 0, 0, 0, 0, 0, 0, 0, 0, 0, 0, 0, 0, 1, 0, 0, 0]
Students Who Improved Consistently: []
Students with Highly Uneven Performance: []
Subject Hardest for Students: Subject 3
